DATA,MOTOR_BREAKIN_V3,000001,15,403,433,2.917,2.145,2.229,1.839,0.390,160,FWD,RUN,2.531,0.987,2.502,0.390,0.000,0.000,0.000,0,3.179,532,2.600,20.2
DATA,MOTOR_BREAKIN_V3,000001,115,403,434,2.917,2.119,2.257,1.894,0.362,160,FWD,RUN,2.518,0.912,2.885,0.669,0.000,0.000,0.000,0,3.179,532,2.600,20.2
DATA,MOTOR_BREAKIN_V3,000001,215,404,434,2.891,2.119,2.229,1.894,0.334,160,FWD,RUN,2.505,0.837,0.410,0.334,0.000,0.000,0.000,0,3.179,532,2.600,20.3
DATA,MOTOR_BREAKIN_V3,000001,315,404,435,2.891,2.092,2.229,1.894,0.334,160,FWD,RUN,2.492,0.833,0.185,0.056,0.000,0.000,0.000,0,3.179,532,2.600,20.2
DATA,MOTOR_BREAKIN_V3,000001,415,405,429,2.865,2.251,2.257,1.894,0.362,160,FWD,RUN,2.558,0.926,0.198,0.028,0.000,0.000,0.000,0,3.179,532,2.600,20.3
DATA,MOTOR_BREAKIN_V3,000001,515,404,434,2.891,2.119,2.229,1.894,0.334,160,FWD,RUN,2.505,0.837,0.198,0.028,0.000,0.000,0.000,0,3.179,532,2.600,20.2
DATA,MOTOR_BREAKIN_V3,000001,615,405,434,2.865,2.119,2.229,1.894,0.334,160,FWD,RUN,2.492,0.833,0.211,0.028,0.000,0.000,0.000,0,3.179,532,2.600,20.2
DATA,MOTOR_BREAKIN_V3,000001,715,405,435,2.865,2.092,2.229,1.894,0.334,160,FWD,RUN,2.478,0.829,0.211,0.028,0.000,0.000,0.000,0,3.179,532,2.600,20.2
DATA,MOTOR_BREAKIN_V3,000001,815,406,434,2.838,2.119,2.229,1.894,0.334,160,FWD,RUN,2.478,0.829,0.172,0.028,0.000,0.000,0.000,0,3.179,532,2.600,20.2
DATA,MOTOR_BREAKIN_V3,000001,915,404,435,2.891,2.092,2.229,1.894,0.334,160,FWD,RUN,2.492,0.833,0.185,0.028,0.000,0.000,0.000,0,3.179,532,2.600,20.2
DATA,MOTOR_BREAKIN_V3,000001,1015,405,430,2.865,2.224,2.229,1.894,0.334,160,FWD,RUN,2.545,0.851,0.198,0.028,0.000,0.000,0.000,0,3.179,532,2.600,20.2
DATA,MOTOR_BREAKIN_V3,000001,1115,406,434,2.838,2.119,2.229,1.894,0.334,160,FWD,RUN,2.478,0.829,0.225,0.028,0.000,0.000,0.000,0,3.179,532,2.600,20.2
DATA,MOTOR_BREAKIN_V3,000001,1215,405,436,2.865,2.066,2.229,1.894,0.334,160,FWD,RUN,2.465,0.824,0.211,0.028,0.000,0.000,0.000,0,3.179,532,2.600,20.2
DATA,MOTOR_BREAKIN_V3,000001,1315,405,435,2.865,2.092,2.229,1.894,0.334,160,FWD,RUN,2.478,0.829,0.211,0.028,0.000,0.000,0.000,0,3.179,532,2.600,20.2
DATA,MOTOR_BREAKIN_V3,000001,1415,405,435,2.865,2.092,2.229,1.894,0.334,160,FWD,RUN,2.478,0.829,0.211,0.000,0.000,0.000,0.000,0,3.179,532,2.600,20.2
DATA,MOTOR_BREAKIN_V3,000001,1515,406,431,2.838,2.198,2.257,1.894,0.362,160,FWD,RUN,2.518,0.912,0.172,0.028,0.000,0.000,0.000,0,3.179,532,2.600,20.2
DATA,MOTOR_BREAKIN_V3,000001,1615,406,431,2.838,2.198,2.229,1.894,0.334,160,FWD,RUN,2.518,0.842,0.198,0.028,0.000,0.000,0.000,0,3.179,532,2.600,20.2
DATA,MOTOR_BREAKIN_V3,000001,1715,406,435,2.838,2.092,2.229,1.894,0.334,160,FWD,RUN,2.465,0.824,0.225,0.028,0.000,0.000,0.000,0,3.179,532,2.600,20.2
DATA,MOTOR_BREAKIN_V3,000001,1815,405,434,2.865,2.119,2.229,1.867,0.362,160,FWD,RUN,2.492,0.902,0.185,0.028,0.000,0.000,0.000,0,3.179,532,2.600,20.2
DATA,MOTOR_BREAKIN_V3,000001,1915,406,431,2.838,2.198,2.229,1.894,0.334,160,FWD,RUN,2.518,0.842,0.172,0.028,0.000,0.000,0.000,0,3.179,532,2.600,20.2
DATA,MOTOR_BREAKIN_V3,000001,2015,406,436,2.838,2.066,2.229,1.867,0.362,160,FWD,RUN,2.452,0.888,0.198,0.028,0.000,0.000,0.000,0,3.179,532,2.600,20.2
DATA,MOTOR_BREAKIN_V3,000001,2115,407,436,2.812,2.066,2.229,1.867,0.362,160,FWD,RUN,2.439,0.883,0.198,0.056,0.000,0.000,0.000,0,3.179,532,2.600,20.2
DATA,MOTOR_BREAKIN_V3,000001,2215,407,436,2.812,2.066,2.229,1.867,0.362,160,FWD,RUN,2.439,0.883,0.172,0.056,0.000,0.000,0.000,0,3.179,532,2.600,20.2
STOP,FWD
DATA,MOTOR_BREAKIN_V3,000001,2269,406,436,2.838,2.066,2.229,1.867,0.362,160,FWD,STOP,2.452,0.888,0.211,0.056,0.000,0.000,0.000,0,3.179,532,2.600,20.2
OK
OK
RUN,FWD
OK
DATA,MOTOR_BREAKIN_V3,000001,92,404,399,2.891,3.043,3.176,2.284,0.891,200,FWD,RUN,2.967,2.645,2.988,0.891,0.000,0.000,0.000,0,3.179,533,2.605,20.1
DATA,MOTOR_BREAKIN_V3,000001,192,404,400,2.891,3.017,3.566,2.089,1.477,200,FWD,RUN,2.954,4.362,0.132,0.891,0.000,0.000,0.000,0,3.179,533,2.605,20.2
DATA,MOTOR_BREAKIN_V3,000001,292,410,403,2.733,2.938,3.928,2.201,1.727,200,FWD,RUN,2.835,4.897,0.132,0.585,0.000,0.000,0.000,0,3.179,534,2.610,20.2
DATA,MOTOR_BREAKIN_V3,000001,392,407,401,2.812,2.991,4.290,2.201,2.089,200,FWD,RUN,2.901,6.062,0.132,0.641,0.000,0.000,0.000,0,3.179,533,2.605,20.2
DATA,MOTOR_BREAKIN_V3,000001,492,412,403,2.680,2.938,4.374,2.089,2.284,200,FWD,RUN,2.809,6.416,0.119,0.641,0.000,0.000,0.000,0,3.179,533,2.605,20.2
DATA,MOTOR_BREAKIN_V3,000001,592,413,404,2.653,2.911,4.820,2.062,2.758,200,FWD,RUN,2.782,7.674,0.106,0.975,0.000,0.000,0.000,0,3.179,533,2.605,20.1
DATA,MOTOR_BREAKIN_V3,000001,692,414,405,2.627,2.885,4.875,2.089,2.786,200,FWD,RUN,2.756,7.678,0.119,0.474,0.000,0.000,0.000,0,3.179,533,2.605,20.2
DATA,MOTOR_BREAKIN_V3,000001,792,407,400,2.812,3.017,5.043,1.978,3.065,200,FWD,RUN,2.914,8.931,0.172,0.641,0.000,0.000,0.000,0,3.179,531,2.595,20.0
DATA,MOTOR_BREAKIN_V3,000001,892,412,404,2.680,2.911,5.460,1.922,3.538,200,FWD,RUN,2.796,9.891,0.119,0.641,0.000,0.000,0.000,0,3.179,531,2.595,20.0
DATA,MOTOR_BREAKIN_V3,000001,992,443,424,1.861,2.383,6.658,1.783,4.875,200,FWD,RUN,2.122,10.345,0.766,1.755,0.000,0.000,0.000,0,3.179,532,2.600,20.1
DATA,MOTOR_BREAKIN_V3,000001,1091,414,405,2.627,2.885,5.906,1.894,4.012,200,FWD,RUN,2.756,11.056,0.700,1.755,0.000,0.000,0.000,0,3.179,531,2.595,20.0
DATA,MOTOR_BREAKIN_V3,000001,1192,410,427,2.733,2.304,5.990,1.839,4.151,200,FWD,RUN,2.518,10.453,0.264,1.588,0.000,0.000,0.000,0,3.179,532,2.600,20.1
DATA,MOTOR_BREAKIN_V3,000001,1292,445,432,1.808,2.172,7.076,1.727,5.349,200,FWD,RUN,1.990,10.643,0.872,2.229,0.000,0.000,0.000,0,3.179,531,2.595,20.0
DATA,MOTOR_BREAKIN_V3,000001,1392,418,439,2.521,1.987,7.160,1.616,5.544,200,FWD,RUN,2.254,12.496,0.621,1.950,0.000,0.000,0.000,0,3.179,531,2.595,20.1
DATA,MOTOR_BREAKIN_V3,000001,1492,416,419,2.574,2.515,7.048,1.560,5.488,200,FWD,RUN,2.545,13.965,0.608,1.282,0.000,0.000,0.000,0,3.179,531,2.595,20.1
DATA,MOTOR_BREAKIN_V3,000001,1592,442,452,1.887,1.643,7.522,1.616,5.906,200,FWD,RUN,1.765,10.425,1.070,1.337,0.000,0.000,0.000,0,3.179,531,2.595,20.1
STOP,FWD
DATA,MOTOR_BREAKIN_V3,000001,1686,443,424,1.861,2.383,7.188,1.644,5.544,200,FWD,STOP,2.122,11.763,1.070,0.780,0.000,0.000,0.000,0,3.179,531,2.595,20.1
OK
OK
RUN,FWD
OK
DATA,MOTOR_BREAKIN_V3,000001,66,403,398,2.917,3.070,2.702,2.062,0.641,180,FWD,RUN,2.994,1.918,3.007,0.641,0.000,0.000,0.000,0,3.179,532,2.600,20.0
DATA,MOTOR_BREAKIN_V3,000001,166,408,400,2.785,3.017,3.065,2.006,1.059,180,FWD,RUN,2.901,3.071,3.020,1.059,0.000,0.000,0.000,0,3.179,532,2.600,20.0
DATA,MOTOR_BREAKIN_V3,000001,266,403,399,2.917,3.043,3.037,1.950,1.087,180,FWD,RUN,2.980,3.238,0.119,0.529,0.000,0.000,0.000,0,3.179,532,2.600,20.0
DATA,MOTOR_BREAKIN_V3,000001,366,407,399,2.812,3.043,3.371,1.950,1.421,180,FWD,RUN,2.928,4.160,0.079,0.669,0.000,0.000,0.000,0,3.179,532,2.600,20.0
DATA,MOTOR_BREAKIN_V3,000001,466,415,404,2.600,2.911,4.012,1.867,2.145,180,FWD,RUN,2.756,5.912,0.211,0.808,0.000,0.000,0.000,0,3.179,533,2.605,20.0
DATA,MOTOR_BREAKIN_V3,000001,566,407,400,2.812,3.017,3.900,1.839,2.062,180,FWD,RUN,2.914,6.008,0.581,0.975,0.000,0.000,0.000,0,3.179,532,2.600,20.0
DATA,MOTOR_BREAKIN_V3,000001,666,409,401,2.759,2.991,4.040,1.894,2.145,180,FWD,RUN,2.875,6.167,0.581,0.975,0.000,0.000,0.000,0,3.179,531,2.595,20.0
DATA,MOTOR_BREAKIN_V3,000001,766,416,407,2.574,2.832,4.708,1.783,2.925,180,FWD,RUN,2.703,7.907,0.251,0.975,0.000,0.000,0.000,0,3.179,532,2.600,20.0
DATA,MOTOR_BREAKIN_V3,000001,866,416,414,2.574,2.647,4.820,1.727,3.092,180,FWD,RUN,2.611,8.073,0.277,0.808,0.000,0.000,0.000,0,3.179,531,2.595,19.9
DATA,MOTOR_BREAKIN_V3,000001,966,408,401,2.785,2.991,4.708,1.644,3.065,180,FWD,RUN,2.888,8.850,0.330,0.752,0.000,0.000,0.000,0,3.179,531,2.595,20.0
DATA,MOTOR_BREAKIN_V3,000001,1066,412,404,2.680,2.911,4.625,1.727,2.897,180,FWD,RUN,2.796,8.100,0.330,0.362,0.000,0.000,0.000,0,3.179,531,2.595,20.1
DATA,MOTOR_BREAKIN_V3,000001,1166,430,415,2.204,2.621,5.516,1.616,3.900,180,FWD,RUN,2.412,9.409,0.462,1.059,0.000,0.000,0.000,0,3.179,531,2.595,20.0
DATA,MOTOR_BREAKIN_V3,000001,1266,424,413,2.363,2.674,5.544,1.560,3.984,180,FWD,RUN,2.518,10.032,0.555,1.142,0.000,0.000,0.000,0,3.179,531,2.595,20.0
DATA,MOTOR_BREAKIN_V3,000001,1366,422,415,2.416,2.621,5.878,1.532,4.346,180,FWD,RUN,2.518,10.944,0.700,1.672,0.000,0.000,0.000,0,3.179,531,2.595,19.9
DATA,MOTOR_BREAKIN_V3,000001,1466,414,405,2.627,2.885,5.265,1.616,3.650,180,FWD,RUN,2.756,10.058,0.674,1.616,0.000,0.000,0.000,0,3.179,532,2.600,20.0
DATA,MOTOR_BREAKIN_V3,000001,1566,419,417,2.495,2.568,5.655,1.588,4.067,180,FWD,RUN,2.531,10.296,0.779,1.449,0.000,0.000,0.000,0,3.179,532,2.600,20.0
DATA,MOTOR_BREAKIN_V3,000001,1666,426,427,2.310,2.304,6.296,1.365,4.931,180,FWD,RUN,2.307,11.375,0.740,1.087,0.000,0.000,0.000,0,3.179,532,2.600,20.0
STOP,FWD
DATA,MOTOR_BREAKIN_V3,000001,1706,435,428,2.072,2.277,6.101,1.393,4.708,180,FWD,STOP,2.175,10.239,0.740,1.031,0.000,0.000,0.000,0,3.179,531,2.595,20.0
OK
OK
RUN,FWD
OK
DATA,MOTOR_BREAKIN_V3,000001,95,503,507,0.276,0.190,1.003,0.891,0.111,60,FWD,RUN,0.233,0.026,0.204,0.111,0.000,0.000,0.000,0,3.179,532,2.600,19.9
DATA,MOTOR_BREAKIN_V3,000001,195,503,506,0.276,0.217,0.975,0.891,0.084,60,FWD,RUN,0.246,0.021,0.040,0.028,0.000,0.000,0.000,0,3.179,532,2.600,19.8
DATA,MOTOR_BREAKIN_V3,000001,295,503,508,0.276,0.164,1.003,0.891,0.111,60,FWD,RUN,0.220,0.024,0.053,0.028,0.000,0.000,0.000,0,3.179,532,2.600,19.9
DATA,MOTOR_BREAKIN_V3,000001,395,503,507,0.276,0.190,0.975,0.891,0.084,60,FWD,RUN,0.233,0.019,0.040,0.028,0.000,0.000,0.000,0,3.179,532,2.600,19.8
DATA,MOTOR_BREAKIN_V3,000001,495,504,507,0.249,0.190,0.975,0.891,0.084,60,FWD,RUN,0.220,0.018,0.040,0.028,0.000,0.000,0.000,0,3.179,532,2.600,19.8
DATA,MOTOR_BREAKIN_V3,000001,595,503,507,0.276,0.190,0.975,0.891,0.084,60,FWD,RUN,0.233,0.019,0.040,0.028,0.000,0.000,0.000,0,3.179,532,2.600,19.8
DATA,MOTOR_BREAKIN_V3,000001,695,503,508,0.276,0.164,0.975,0.891,0.084,60,FWD,RUN,0.220,0.018,0.053,0.028,0.000,0.000,0.000,0,3.179,532,2.600,19.8
DATA,MOTOR_BREAKIN_V3,000001,795,503,508,0.276,0.164,1.003,0.891,0.111,60,FWD,RUN,0.220,0.024,0.053,0.028,0.000,0.000,0.000,0,3.179,532,2.600,19.8
DATA,MOTOR_BREAKIN_V3,000001,895,503,507,0.276,0.164,1.003,0.891,0.111,60,FWD,RUN,0.220,0.024,0.040,0.028,0.000,0.000,0.000,0,3.179,532,2.600,19.8
DATA,MOTOR_BREAKIN_V3,000001,995,503,508,0.276,0.164,1.003,0.891,0.111,60,FWD,RUN,0.220,0.024,0.040,0.028,0.000,0.000,0.000,0,3.179,532,2.600,19.8
DATA,MOTOR_BREAKIN_V3,000001,1095,503,508,0.276,0.164,1.003,0.891,0.111,60,FWD,RUN,0.220,0.024,0.040,0.028,0.000,0.000,0.000,0,3.179,532,2.600,19.8
DATA,MOTOR_BREAKIN_V3,000001,1195,503,507,0.276,0.190,1.003,0.891,0.111,60,FWD,RUN,0.233,0.026,0.026,0.028,0.000,0.000,0.000,0,3.179,531,2.595,19.8
DATA,MOTOR_BREAKIN_V3,000001,1295,504,508,0.249,0.164,0.975,0.891,0.084,60,FWD,RUN,0.206,0.017,0.040,0.028,0.000,0.000,0.000,0,3.179,532,2.600,19.8
DATA,MOTOR_BREAKIN_V3,000001,1395,504,507,0.249,0.190,0.975,0.891,0.084,60,FWD,RUN,0.220,0.018,0.040,0.028,0.000,0.000,0.000,0,3.179,532,2.600,19.8
DATA,MOTOR_BREAKIN_V3,000001,1494,503,508,0.276,0.164,0.975,0.891,0.084,60,FWD,RUN,0.220,0.018,0.040,0.028,0.000,0.000,0.000,0,3.179,532,2.600,19.8
DATA,MOTOR_BREAKIN_V3,000001,1595,503,507,0.276,0.190,1.003,0.891,0.111,60,FWD,RUN,0.233,0.026,0.040,0.028,0.000,0.000,0.000,0,3.179,532,2.600,19.8
DATA,MOTOR_BREAKIN_V3,000001,1695,503,508,0.276,0.164,0.975,0.891,0.084,60,FWD,RUN,0.220,0.018,0.026,0.028,0.000,0.000,0.000,0,3.179,532,2.600,19.8
DATA,MOTOR_BREAKIN_V3,000001,1795,503,507,0.276,0.190,1.003,0.891,0.111,60,FWD,RUN,0.233,0.026,0.053,0.028,0.000,0.000,0.000,0,3.179,531,2.595,19.8
DATA,MOTOR_BREAKIN_V3,000001,1895,504,508,0.249,0.164,0.975,0.891,0.084,60,FWD,RUN,0.206,0.017,0.053,0.028,0.000,0.000,0.000,0,3.179,532,2.600,19.8
DATA,MOTOR_BREAKIN_V3,000001,1995,504,508,0.249,0.164,0.975,0.891,0.084,60,FWD,RUN,0.206,0.017,0.040,0.028,0.000,0.000,0.000,0,3.179,532,2.600,19.8
STOP,FWD
DATA,MOTOR_BREAKIN_V3,000001,2019,505,508,0.223,0.164,0.975,0.864,0.111,60,FWD,STOP,0.193,0.022,0.040,0.028,0.000,0.000,0.000,0,3.179,532,2.600,19.8
OK
ERROR,UNKNOWN_COMMAND
RUN,FWD
OK
DATA,MOTOR_BREAKIN_V3,000001,20,503,507,0.276,0.190,0.975,0.864,0.111,60,FWD,RUN,0.233,0.026,0.204,0.111,0.000,0.000,0.000,0,3.179,532,2.600,19.7
DATA,MOTOR_BREAKIN_V3,000001,120,503,508,0.276,0.164,0.975,0.891,0.084,60,FWD,RUN,0.220,0.018,1.459,0.195,0.000,0.000,0.000,0,3.179,532,2.600,19.7
DATA,MOTOR_BREAKIN_V3,000001,220,504,507,0.249,0.190,0.975,0.891,0.084,60,FWD,RUN,0.220,0.018,1.281,0.111,0.000,0.000,0.000,0,3.179,532,2.600,19.7
DATA,MOTOR_BREAKIN_V3,000001,320,501,507,0.328,0.190,1.003,0.891,0.111,60,FWD,RUN,0.259,0.029,0.066,0.028,0.000,0.000,0.000,0,3.179,531,2.595,19.7
DATA,MOTOR_BREAKIN_V3,000001,420,503,507,0.276,0.190,1.003,0.891,0.111,60,FWD,RUN,0.233,0.026,0.066,0.028,0.000,0.000,0.000,0,3.179,532,2.600,19.7
DATA,MOTOR_BREAKIN_V3,000001,520,503,508,0.276,0.164,1.003,0.891,0.111,60,FWD,RUN,0.220,0.024,0.026,0.028,0.000,0.000,0.000,0,3.179,532,2.600,19.7
DATA,MOTOR_BREAKIN_V3,000001,620,503,508,0.276,0.164,0.975,0.891,0.084,60,FWD,RUN,0.220,0.018,0.026,0.028,0.000,0.000,0.000,0,3.179,532,2.600,19.7
DATA,MOTOR_BREAKIN_V3,000001,720,504,507,0.249,0.190,0.975,0.891,0.084,60,FWD,RUN,0.220,0.018,0.026,0.028,0.000,0.000,0.000,0,3.179,532,2.600,19.7
DATA,MOTOR_BREAKIN_V3,000001,820,503,507,0.276,0.190,0.975,0.891,0.084,60,FWD,RUN,0.233,0.019,0.026,0.028,0.000,0.000,0.000,0,3.179,532,2.600,19.7
DATA,MOTOR_BREAKIN_V3,000001,919,504,507,0.249,0.190,0.975,0.891,0.084,60,FWD,RUN,0.220,0.018,0.026,0.028,0.000,0.000,0.000,0,3.179,531,2.595,19.7
DATA,MOTOR_BREAKIN_V3,000001,1020,504,506,0.249,0.217,0.975,0.891,0.084,60,FWD,RUN,0.233,0.019,0.026,0.028,0.000,0.000,0.000,0,3.179,532,2.600,19.7
DATA,MOTOR_BREAKIN_V3,000001,1120,503,507,0.276,0.190,0.975,0.864,0.111,60,FWD,RUN,0.233,0.026,0.026,0.028,0.000,0.000,0.000,0,3.179,532,2.600,19.7
DATA,MOTOR_BREAKIN_V3,000001,1220,503,507,0.276,0.190,1.003,0.891,0.111,60,FWD,RUN,0.233,0.026,0.040,0.028,0.000,0.000,0.000,0,3.179,532,2.600,19.7
DATA,MOTOR_BREAKIN_V3,000001,1320,503,508,0.276,0.164,0.975,0.891,0.084,60,FWD,RUN,0.220,0.018,0.040,0.028,0.000,0.000,0.000,0,3.179,532,2.600,19.7
DATA,MOTOR_BREAKIN_V3,000001,1420,502,507,0.302,0.190,0.975,0.891,0.084,60,FWD,RUN,0.246,0.021,0.040,0.028,0.000,0.000,0.000,0,3.179,532,2.600,19.7
DATA,MOTOR_BREAKIN_V3,000001,1520,503,508,0.276,0.164,0.975,0.891,0.084,60,FWD,RUN,0.220,0.018,0.040,0.028,0.000,0.000,0.000,0,3.179,532,2.600,19.7
STOP,FWD
DATA,MOTOR_BREAKIN_V3,000001,1615,504,507,0.249,0.190,0.975,0.891,0.084,60,FWD,STOP,0.220,0.018,0.040,0.028,0.000,0.000,0.000,0,3.179,532,2.600,19.7
OK
OK
RUN,FWD
OK
DATA,MOTOR_BREAKIN_V3,000001,12,401,396,2.970,3.123,2.535,2.062,0.474,180,FWD,RUN,3.046,1.443,3.014,0.474,0.000,0.000,0.000,0,3.179,532,2.600,19.7
DATA,MOTOR_BREAKIN_V3,000001,112,403,398,2.917,3.070,2.870,2.034,0.836,180,FWD,RUN,2.994,2.502,2.985,0.836,0.000,0.000,0.000,0,3.179,533,2.605,19.7
DATA,MOTOR_BREAKIN_V3,000001,212,404,399,2.891,3.043,2.953,1.978,0.975,180,FWD,RUN,2.967,2.893,0.053,0.641,0.000,0.000,0.000,0,3.179,532,2.600,19.7
DATA,MOTOR_BREAKIN_V3,000001,312,406,408,2.838,2.806,3.594,1.950,1.644,180,FWD,RUN,2.822,4.638,0.172,0.864,0.000,0.000,0.000,0,3.179,532,2.600,19.7
DATA,MOTOR_BREAKIN_V3,000001,412,406,399,2.838,3.043,3.399,1.894,1.504,180,FWD,RUN,2.941,4.424,0.172,0.696,0.000,0.000,0.000,0,3.179,532,2.600,19.7
DATA,MOTOR_BREAKIN_V3,000001,512,416,405,2.574,2.885,4.095,1.839,2.257,180,FWD,RUN,2.729,6.159,0.238,0.864,0.000,0.000,0.000,0,3.179,532,2.600,19.7
DATA,MOTOR_BREAKIN_V3,000001,612,409,401,2.759,2.991,3.984,1.839,2.145,180,FWD,RUN,2.875,6.167,0.462,1.031,0.000,0.000,0.000,0,3.179,532,2.600,19.7
DATA,MOTOR_BREAKIN_V3,000001,712,419,406,2.495,2.858,4.402,1.783,2.619,180,FWD,RUN,2.677,7.009,0.410,0.613,0.000,0.000,0.000,0,3.179,531,2.595,19.7
DATA,MOTOR_BREAKIN_V3,000001,812,410,412,2.733,2.700,4.625,1.727,2.897,180,FWD,RUN,2.716,7.870,0.225,0.696,0.000,0.000,0.000,0,3.179,532,2.600,19.7
DATA,MOTOR_BREAKIN_V3,000001,912,412,409,2.680,2.779,4.652,1.755,2.897,180,FWD,RUN,2.729,7.908,0.608,0.947,0.000,0.000,0.000,0,3.179,532,2.600,19.7
DATA,MOTOR_BREAKIN_V3,000001,1012,411,404,2.706,2.911,4.569,1.727,2.842,180,FWD,RUN,2.809,7.981,0.581,0.808,0.000,0.000,0.000,0,3.179,531,2.595,19.7
DATA,MOTOR_BREAKIN_V3,000001,1112,410,413,2.733,2.674,4.792,1.672,3.120,180,FWD,RUN,2.703,8.434,0.528,1.059,0.000,0.000,0.000,0,3.179,531,2.595,19.7
DATA,MOTOR_BREAKIN_V3,000001,1212,415,411,2.600,2.726,5.238,1.560,3.677,180,FWD,RUN,2.663,9.794,0.489,0.975,0.000,0.000,0.000,0,3.179,531,2.595,19.7
DATA,MOTOR_BREAKIN_V3,000001,1312,429,411,2.231,2.726,5.683,1.421,4.262,180,FWD,RUN,2.478,10.564,0.740,1.309,0.000,0.000,0.000,0,3.179,531,2.595,19.7
DATA,MOTOR_BREAKIN_V3,000001,1412,411,407,2.706,2.832,5.126,1.727,3.399,180,FWD,RUN,2.769,9.412,0.713,0.975,0.000,0.000,0.000,0,3.179,532,2.600,19.7
DATA,MOTOR_BREAKIN_V3,000001,1512,419,433,2.495,2.145,6.073,1.477,4.597,180,FWD,RUN,2.320,10.664,0.489,1.282,0.000,0.000,0.000,0,3.179,530,2.590,19.7
DATA,MOTOR_BREAKIN_V3,000001,1611,416,407,2.574,2.832,5.600,1.532,4.067,180,FWD,RUN,2.703,10.994,0.845,1.616,0.000,0.000,0.000,0,3.179,531,2.595,19.7
DATA,MOTOR_BREAKIN_V3,000001,1712,432,414,2.151,2.647,5.934,1.449,4.485,180,FWD,RUN,2.399,10.761,0.806,1.087,0.000,0.000,0.000,0,3.179,532,2.600,19.7
DATA,MOTOR_BREAKIN_V3,000001,1812,428,421,2.257,2.462,5.962,1.532,4.430,180,FWD,RUN,2.360,10.452,0.885,0.752,0.000,0.000,0.000,0,3.179,531,2.595,19.7
DATA,MOTOR_BREAKIN_V3,000001,1912,481,477,0.857,0.983,7.299,1.170,6.129,180,FWD,RUN,0.920,5.637,1.466,1.894,0.000,0.000,0.000,0,3.179,532,2.600,19.7
DATA,MOTOR_BREAKIN_V3,000001,2012,447,447,1.755,1.775,6.770,1.393,5.377,180,FWD,RUN,1.765,9.491,1.453,1.504,0.000,0.000,0.000,0,3.179,531,2.595,19.7
DATA,MOTOR_BREAKIN_V3,000001,2112,418,434,2.521,2.119,6.909,1.254,5.655,180,FWD,RUN,2.320,13.120,1.229,1.811,0.000,0.000,0.000,0,3.179,531,2.595,19.7
DATA,MOTOR_BREAKIN_V3,000001,2212,457,463,1.491,1.353,7.132,1.282,5.850,180,FWD,RUN,1.422,8.318,1.347,1.922,0.000,0.000,0.000,0,3.179,531,2.595,19.7
DATA,MOTOR_BREAKIN_V3,000001,2312,445,448,1.808,1.749,7.299,1.309,5.990,180,FWD,RUN,1.778,10.652,1.202,1.560,0.000,0.000,0.000,0,3.179,531,2.595,19.7
DATA,MOTOR_BREAKIN_V3,000001,2412,435,452,2.072,1.643,7.076,1.421,5.655,180,FWD,RUN,1.858,10.506,0.898,0.975,0.000,0.000,0.000,0,3.179,531,2.595,19.7
DATA,MOTOR_BREAKIN_V3,000001,2512,438,424,1.993,2.383,6.630,1.644,4.987,180,FWD,RUN,2.188,10.910,0.964,1.198,0.000,0.000,0.000,0,3.179,531,2.595,19.7
DATA,MOTOR_BREAKIN_V3,000001,2612,431,424,2.178,2.383,6.129,1.532,4.597,180,FWD,RUN,2.280,10.482,0.793,1.198,0.000,0.000,0.000,0,3.179,532,2.600,19.7
DATA,MOTOR_BREAKIN_V3,000001,2712,442,450,1.887,1.696,7.801,0.919,6.881,180,FWD,RUN,1.792,12.328,0.885,2.284,0.000,0.000,0.000,0,3.179,530,2.590,19.7
DATA,MOTOR_BREAKIN_V3,000001,2812,419,441,2.495,1.934,6.714,1.421,5.293,180,FWD,RUN,2.214,11.721,0.753,1.867,0.000,0.000,0.000,0,3.179,530,2.590,19.7
DATA,MOTOR_BREAKIN_V3,000001,2912,426,451,2.310,1.670,6.965,1.170,5.795,180,FWD,RUN,1.990,11.530,0.634,0.836,0.000,0.000,0.000,0,3.179,531,2.595,19.7
DATA,MOTOR_BREAKIN_V3,000001,3012,433,419,2.125,2.515,6.630,1.755,4.875,180,FWD,RUN,2.320,11.311,0.608,1.142,11.311,2.320,4.875,180,3.179,531,2.595,19.7
STOP,FWD
DATA,MOTOR_BREAKIN_V3,000001,3068,420,418,2.468,2.541,6.380,1.337,5.043,180,FWD,STOP,2.505,12.631,0.674,1.254,12.631,2.505,5.043,180,3.179,531,2.595,19.8
OK
