OK
RUN,FWD
OK
DATA,MOTOR_BREAKIN_V3,000001,61,506,509,0.196,0.137,0.975,0.613,0.362,40,FWD,RUN,0.167,0.060,0.106,0.362,0.000,0.000,0.000,0,3.179,573,2.801,21.4
DATA,MOTOR_BREAKIN_V3,000001,161,506,509,0.196,0.137,1.114,0.474,0.641,40,FWD,RUN,0.167,0.107,0.647,0.641,0.000,0.000,0.000,0,3.179,575,2.810,21.4
DATA,MOTOR_BREAKIN_V3,000001,261,507,509,0.170,0.137,1.282,0.306,0.975,40,FWD,RUN,0.154,0.150,0.555,0.529,0.000,0.000,0.000,0,3.179,572,2.796,21.4
DATA,MOTOR_BREAKIN_V3,000001,361,507,509,0.170,0.137,1.421,0.251,1.170,40,FWD,RUN,0.154,0.180,0.159,0.418,0.000,0.000,0.000,0,3.179,572,2.796,21.4
DATA,MOTOR_BREAKIN_V3,000001,461,507,509,0.170,0.137,1.644,0.223,1.421,40,FWD,RUN,0.154,0.218,0.040,0.446,0.000,0.000,0.000,0,3.179,574,2.805,21.4
DATA,MOTOR_BREAKIN_V3,000001,561,507,509,0.170,0.137,1.755,0.223,1.532,40,FWD,RUN,0.154,0.235,0.145,0.362,0.000,0.000,0.000,0,3.179,574,2.805,21.4
DATA,MOTOR_BREAKIN_V3,000001,661,507,509,0.170,0.137,1.839,0.139,1.699,40,FWD,RUN,0.154,0.261,0.159,0.306,0.000,0.000,0.000,0,3.179,572,2.796,21.5
DATA,MOTOR_BREAKIN_V3,000001,761,507,509,0.170,0.137,1.950,0.139,1.811,40,FWD,RUN,0.154,0.278,0.040,0.362,0.000,0.000,0.000,0,3.179,575,2.810,21.4
DATA,MOTOR_BREAKIN_V3,000001,861,507,510,0.170,0.111,1.950,0.167,1.783,40,FWD,RUN,0.140,0.250,0.026,0.251,0.000,0.000,0.000,0,3.179,573,2.801,21.4
DATA,MOTOR_BREAKIN_V3,000001,961,507,510,0.170,0.111,2.006,0.167,1.839,40,FWD,RUN,0.140,0.258,0.013,0.223,0.000,0.000,0.000,0,3.179,574,2.805,21.4
DATA,MOTOR_BREAKIN_V3,000001,1061,506,509,0.196,0.137,2.145,0.167,1.978,40,FWD,RUN,0.167,0.330,0.026,0.167,0.000,0.000,0.000,0,3.179,573,2.801,21.4
DATA,MOTOR_BREAKIN_V3,000001,1161,507,509,0.170,0.137,2.145,0.167,1.978,40,FWD,RUN,0.154,0.304,0.040,0.139,0.000,0.000,0.000,0,3.179,573,2.801,21.4
DATA,MOTOR_BREAKIN_V3,000001,1261,507,509,0.170,0.137,2.173,0.139,2.034,40,FWD,RUN,0.154,0.312,0.053,0.223,0.000,0.000,0.000,0,3.179,574,2.805,21.4
DATA,MOTOR_BREAKIN_V3,000001,1360,507,510,0.170,0.111,2.229,0.167,2.062,40,FWD,RUN,0.140,0.289,0.053,0.223,0.000,0.000,0.000,0,3.179,573,2.801,21.4
DATA,MOTOR_BREAKIN_V3,000001,1461,507,509,0.170,0.137,2.284,0.139,2.145,40,FWD,RUN,0.154,0.329,0.026,0.195,0.000,0.000,0.000,0,3.179,574,2.805,21.4
DATA,MOTOR_BREAKIN_V3,000001,1561,507,509,0.170,0.137,2.340,0.139,2.201,40,FWD,RUN,0.154,0.338,0.053,0.167,0.000,0.000,0.000,0,3.179,575,2.810,21.4
STOP,FWD
DATA,MOTOR_BREAKIN_V3,000001,1603,508,510,0.143,0.111,2.396,0.111,2.284,40,FWD,STOP,0.127,0.290,0.053,0.195,0.000,0.000,0.000,0,3.179,573,2.801,21.5
OK
OK
RUN,FWD
OK
DATA,MOTOR_BREAKIN_V3,000001,3,502,506,0.302,0.217,1.142,0.864,0.279,60,FWD,RUN,0.259,0.072,0.259,0.279,0.000,0.000,0.000,0,3.179,574,2.805,21.5
DATA,MOTOR_BREAKIN_V3,000001,103,503,508,0.276,0.164,1.504,0.613,0.891,60,FWD,RUN,0.220,0.196,0.230,0.891,0.000,0.000,0.000,0,3.179,575,2.810,21.5
DATA,MOTOR_BREAKIN_V3,000001,203,503,508,0.276,0.164,1.867,0.418,1.449,60,FWD,RUN,0.220,0.318,0.040,1.031,0.000,0.000,0.000,0,3.179,574,2.805,21.4
DATA,MOTOR_BREAKIN_V3,000001,303,502,507,0.302,0.190,2.201,0.334,1.867,60,FWD,RUN,0.246,0.459,0.040,0.891,0.000,0.000,0.000,0,3.179,574,2.805,21.4
DATA,MOTOR_BREAKIN_V3,000001,403,503,507,0.276,0.190,2.619,0.334,2.284,60,FWD,RUN,0.233,0.532,0.053,0.780,0.000,0.000,0.000,0,3.179,572,2.796,21.4
DATA,MOTOR_BREAKIN_V3,000001,503,503,508,0.276,0.164,2.897,0.306,2.591,60,FWD,RUN,0.220,0.569,0.053,0.696,0.000,0.000,0.000,0,3.179,574,2.805,21.4
DATA,MOTOR_BREAKIN_V3,000001,603,504,507,0.249,0.190,3.065,0.223,2.842,60,FWD,RUN,0.220,0.624,0.066,0.585,0.000,0.000,0.000,0,3.179,575,2.810,21.5
DATA,MOTOR_BREAKIN_V3,000001,703,503,509,0.276,0.137,3.148,0.279,2.870,60,FWD,RUN,0.206,0.592,0.040,0.418,0.000,0.000,0.000,0,3.179,576,2.815,21.5
DATA,MOTOR_BREAKIN_V3,000001,803,503,507,0.276,0.190,3.343,0.279,3.065,60,FWD,RUN,0.233,0.713,0.053,0.362,0.000,0.000,0.000,0,3.179,576,2.815,21.5
DATA,MOTOR_BREAKIN_V3,000001,903,503,508,0.276,0.164,3.455,0.223,3.232,60,FWD,RUN,0.220,0.710,0.053,0.279,0.000,0.000,0.000,0,3.179,578,2.825,21.5
DATA,MOTOR_BREAKIN_V3,000001,1003,503,507,0.276,0.190,3.594,0.251,3.343,60,FWD,RUN,0.233,0.778,0.026,0.334,0.000,0.000,0.000,0,3.179,580,2.835,21.5
DATA,MOTOR_BREAKIN_V3,000001,1103,504,507,0.249,0.190,3.733,0.251,3.482,60,FWD,RUN,0.220,0.765,0.040,0.279,0.000,0.000,0.000,0,3.179,579,2.830,21.4
DATA,MOTOR_BREAKIN_V3,000001,1203,503,507,0.276,0.190,3.761,0.251,3.510,60,FWD,RUN,0.233,0.817,0.040,0.195,0.000,0.000,0.000,0,3.179,580,2.835,21.4
DATA,MOTOR_BREAKIN_V3,000001,1303,503,508,0.276,0.164,3.845,0.223,3.622,60,FWD,RUN,0.220,0.795,0.053,0.223,0.000,0.000,0.000,0,3.179,578,2.825,21.5
DATA,MOTOR_BREAKIN_V3,000001,1403,503,508,0.276,0.164,3.928,0.223,3.705,60,FWD,RUN,0.220,0.814,0.053,0.251,0.000,0.000,0.000,0,3.179,580,2.835,21.4
DATA,MOTOR_BREAKIN_V3,000001,1503,502,507,0.302,0.190,3.872,0.223,3.650,60,FWD,RUN,0.246,0.898,0.053,0.251,0.000,0.000,0.000,0,3.179,579,2.830,21.4
DATA,MOTOR_BREAKIN_V3,000001,1602,503,507,0.276,0.190,4.040,0.251,3.789,60,FWD,RUN,0.233,0.882,0.053,0.195,0.000,0.000,0.000,0,3.179,580,2.835,21.5
DATA,MOTOR_BREAKIN_V3,000001,1703,503,507,0.276,0.190,3.900,0.195,3.705,60,FWD,RUN,0.233,0.863,0.053,0.139,0.000,0.000,0.000,0,3.179,579,2.830,21.5
STOP,FWD
DATA,MOTOR_BREAKIN_V3,000001,1738,504,508,0.249,0.164,4.067,0.195,3.872,60,FWD,STOP,0.206,0.799,0.053,0.167,0.000,0.000,0.000,0,3.179,580,2.835,21.4
OK
OK
RUN,FWD
OK
DATA,MOTOR_BREAKIN_V3,000001,35,494,504,0.513,0.269,1.504,0.947,0.557,80,FWD,RUN,0.391,0.218,0.391,0.557,0.000,0.000,0.000,0,3.179,577,2.820,21.5
DATA,MOTOR_BREAKIN_V3,000001,135,494,503,0.513,0.296,2.062,0.613,1.449,80,FWD,RUN,0.405,0.586,2.135,1.449,0.000,0.000,0.000,0,3.179,580,2.835,21.5
DATA,MOTOR_BREAKIN_V3,000001,235,495,503,0.487,0.296,2.647,0.529,2.117,80,FWD,RUN,0.391,0.829,1.770,1.226,0.000,0.000,0.000,0,3.179,578,2.825,21.4
DATA,MOTOR_BREAKIN_V3,000001,335,495,503,0.487,0.296,3.232,0.418,2.814,80,FWD,RUN,0.391,1.101,0.066,1.254,0.000,0.000,0.000,0,3.179,580,2.835,21.5
DATA,MOTOR_BREAKIN_V3,000001,435,495,504,0.487,0.269,3.650,0.446,3.204,80,FWD,RUN,0.378,1.211,0.700,0.919,0.000,0.000,0.000,0,3.179,580,2.835,21.5
DATA,MOTOR_BREAKIN_V3,000001,535,496,504,0.460,0.269,4.067,0.418,3.650,80,FWD,RUN,0.365,1.332,0.727,0.836,0.000,0.000,0.000,0,3.179,581,2.840,21.5
DATA,MOTOR_BREAKIN_V3,000001,635,498,505,0.408,0.243,4.430,0.390,4.040,80,FWD,RUN,0.325,1.314,0.053,0.696,0.000,0.000,0.000,0,3.179,577,2.820,21.5
DATA,MOTOR_BREAKIN_V3,000001,735,497,505,0.434,0.243,4.569,0.390,4.179,80,FWD,RUN,0.339,1.415,0.053,0.501,0.000,0.000,0.000,0,3.179,576,2.815,21.4
DATA,MOTOR_BREAKIN_V3,000001,835,498,505,0.408,0.243,4.848,0.334,4.513,80,FWD,RUN,0.325,1.468,0.079,0.669,0.000,0.000,0.000,0,3.179,576,2.815,21.4
DATA,MOTOR_BREAKIN_V3,000001,935,497,503,0.434,0.296,5.098,0.251,4.848,80,FWD,RUN,0.365,1.769,0.119,0.752,0.000,0.000,0.000,0,3.179,577,2.820,21.4
DATA,MOTOR_BREAKIN_V3,000001,1035,497,505,0.434,0.243,5.043,0.334,4.708,80,FWD,RUN,0.339,1.594,0.132,0.557,0.000,0.000,0.000,0,3.179,579,2.830,21.4
DATA,MOTOR_BREAKIN_V3,000001,1135,497,504,0.434,0.269,4.987,0.251,4.736,80,FWD,RUN,0.352,1.666,0.185,0.557,0.000,0.000,0.000,0,3.179,579,2.830,21.4
DATA,MOTOR_BREAKIN_V3,000001,1235,496,504,0.460,0.269,5.015,0.334,4.680,80,FWD,RUN,0.365,1.708,0.185,0.529,0.000,0.000,0.000,0,3.179,579,2.830,21.4
DATA,MOTOR_BREAKIN_V3,000001,1335,497,504,0.434,0.269,5.126,0.390,4.736,80,FWD,RUN,0.352,1.666,0.132,0.641,0.000,0.000,0.000,0,3.179,580,2.835,21.4
DATA,MOTOR_BREAKIN_V3,000001,1435,497,505,0.434,0.243,5.126,0.279,4.848,80,FWD,RUN,0.339,1.641,0.106,0.641,0.000,0.000,0.000,0,3.179,579,2.830,21.5
DATA,MOTOR_BREAKIN_V3,000001,1535,501,507,0.328,0.190,5.321,0.223,5.098,80,FWD,RUN,0.259,1.322,0.159,0.501,0.000,0.000,0.000,0,3.179,580,2.835,21.4
STOP,FWD
DATA,MOTOR_BREAKIN_V3,000001,1600,498,505,0.408,0.243,5.321,0.306,5.015,80,FWD,STOP,0.325,1.631,0.145,0.501,0.000,0.000,0.000,0,3.179,580,2.835,21.5
OK